Supplemental results for CODEML (seqf: alignement_nfil3_codons_vertebre_without_PM_OA_PS_clean.pml  treef: tree_alignement_nfil3_prot_vertebre_without_PM_OA_PS.nwk)


dN/dS (w) for site classes (K=4)

p:   0.33333  0.33333  0.33333  0.00001
w:   0.00572  0.06723  0.27012  1.15074
(note that p[3] is zero)


Naive Empirical Bayes (NEB) probabilities for 4 classes & postmean_w & P(w>1)
(amino acids refer to 1st sequence: Mus_musculus)

   1 M   0.96675 0.03325 0.00000 0.00000 ( 1)  0.008  0.000
   2 Q   0.21382 0.78604 0.00013 0.00000 ( 2)  0.054  0.000
   3 T   0.00000 0.00008 0.99992 0.00000 ( 3)  0.270  0.000
   4 I   0.00000 0.09880 0.90120 0.00000 ( 3)  0.250  0.000
   5 K   0.93252 0.06748 0.00000 0.00000 ( 1)  0.010  0.000
   6 K   0.00000 0.96938 0.03062 0.00000 ( 2)  0.073  0.000
   7 E   0.99422 0.00578 0.00000 0.00000 ( 1)  0.006  0.000
   8 P   0.00000 0.00000 1.00000 0.00000 ( 3)  0.270  0.000
   9 S   0.00000 0.00000 1.00000 0.00000 ( 3)  0.270  0.000
  10 D   0.00000 0.05703 0.94297 0.00000 ( 3)  0.259  0.000
  11 K   0.00000 0.27981 0.72019 0.00000 ( 3)  0.213  0.000
  12 M   0.00000 0.00000 1.00000 0.00000 ( 3)  0.270  0.000
  13 L   0.00000 0.00117 0.99883 0.00000 ( 3)  0.270  0.000
  14 L   0.00000 0.04517 0.95483 0.00000 ( 3)  0.261  0.000
  15 L   0.09669 0.90051 0.00280 0.00000 ( 2)  0.062  0.000
  16 G   0.00000 0.00000 1.00000 0.00000 ( 3)  0.270  0.000
  17 E   0.00000 0.95535 0.04465 0.00000 ( 2)  0.076  0.000
  18 D   0.00000 0.00005 0.99995 0.00000 ( 3)  0.270  0.000
  19 L   0.00000 0.01262 0.98738 0.00000 ( 3)  0.268  0.000
  20 L   0.00000 0.34858 0.65141 0.00000 ( 3)  0.199  0.000
  21 L   0.00000 0.00008 0.99992 0.00000 ( 3)  0.270  0.000
  22 E   0.00000 0.00079 0.99921 0.00000 ( 3)  0.270  0.000
  23 S   0.00000 0.00000 1.00000 0.00000 ( 3)  0.270  0.000
  24 M   0.00000 0.00000 1.00000 0.00000 ( 3)  0.270  0.000
  25 G   0.00000 0.00002 0.99998 0.00000 ( 3)  0.270  0.000
  26 K   0.07596 0.92402 0.00002 0.00000 ( 2)  0.063  0.000
  27 S   0.00000 0.00428 0.99572 0.00000 ( 3)  0.269  0.000
  28 A   0.00000 0.00000 1.00000 0.00000 ( 3)  0.270  0.000
  29 C   0.93166 0.06833 0.00001 0.00000 ( 1)  0.010  0.000
  30 R   0.92922 0.07076 0.00002 0.00000 ( 1)  0.010  0.000
  31 R   0.97876 0.02124 0.00000 0.00000 ( 1)  0.007  0.000
  32 K   0.99394 0.00606 0.00000 0.00000 ( 1)  0.006  0.000
  33 R   0.93523 0.06476 0.00001 0.00000 ( 1)  0.010  0.000
  34 E   0.99386 0.00614 0.00000 0.00000 ( 1)  0.006  0.000
  35 F   0.96963 0.03037 0.00000 0.00000 ( 1)  0.008  0.000
  36 I   0.98698 0.01302 0.00000 0.00000 ( 1)  0.007  0.000
  37 P   0.95189 0.04811 0.00000 0.00000 ( 1)  0.009  0.000
  38 D   0.11700 0.88299 0.00000 0.00000 ( 2)  0.060  0.000
  39 E   0.54818 0.45182 0.00000 0.00000 ( 1)  0.034  0.000
  40 K   0.94185 0.05815 0.00000 0.00000 ( 1)  0.009  0.000
  41 K   0.99388 0.00612 0.00000 0.00000 ( 1)  0.006  0.000
  42 D   0.99583 0.00417 0.00000 0.00000 ( 1)  0.006  0.000
  43 A   0.00002 0.97762 0.02236 0.00000 ( 2)  0.072  0.000
  44 M   0.00000 0.91256 0.08744 0.00000 ( 2)  0.085  0.000
  45 Y   0.96835 0.03165 0.00000 0.00000 ( 1)  0.008  0.000
  46 W   0.88045 0.11938 0.00017 0.00000 ( 1)  0.013  0.000
  47 E   0.99395 0.00605 0.00000 0.00000 ( 1)  0.006  0.000
  48 K   0.42995 0.57004 0.00001 0.00000 ( 2)  0.041  0.000
  49 R   0.97076 0.02924 0.00000 0.00000 ( 1)  0.008  0.000
  50 R   0.94241 0.05758 0.00001 0.00000 ( 1)  0.009  0.000
  51 K   0.99377 0.00623 0.00000 0.00000 ( 1)  0.006  0.000
  52 N   0.99583 0.00417 0.00000 0.00000 ( 1)  0.006  0.000
  53 N   0.99593 0.00407 0.00000 0.00000 ( 1)  0.006  0.000
  54 E   0.99381 0.00619 0.00000 0.00000 ( 1)  0.006  0.000
  55 A   0.97689 0.02311 0.00000 0.00000 ( 1)  0.007  0.000
  56 A   0.97273 0.02727 0.00000 0.00000 ( 1)  0.007  0.000
  57 K   0.99418 0.00582 0.00000 0.00000 ( 1)  0.006  0.000
  58 R   0.96415 0.03585 0.00000 0.00000 ( 1)  0.008  0.000
  59 S   0.94048 0.05951 0.00001 0.00000 ( 1)  0.009  0.000
  60 R   0.94306 0.05694 0.00001 0.00000 ( 1)  0.009  0.000
  61 E   0.99433 0.00567 0.00000 0.00000 ( 1)  0.006  0.000
  62 K   0.99454 0.00546 0.00000 0.00000 ( 1)  0.006  0.000
  63 R   0.92402 0.07596 0.00002 0.00000 ( 1)  0.010  0.000
  64 R   0.92482 0.07515 0.00003 0.00000 ( 1)  0.010  0.000
  65 L   0.01032 0.98171 0.00796 0.00000 ( 2)  0.068  0.000
  66 N   0.99607 0.00393 0.00000 0.00000 ( 1)  0.006  0.000
  67 D   0.99551 0.00449 0.00000 0.00000 ( 1)  0.006  0.000
  68 L   0.06188 0.93809 0.00003 0.00000 ( 2)  0.063  0.000
  69 V   0.97746 0.02254 0.00000 0.00000 ( 1)  0.007  0.000
  70 L   0.91935 0.08061 0.00003 0.00000 ( 1)  0.011  0.000
  71 E   0.99462 0.00538 0.00000 0.00000 ( 1)  0.006  0.000
  72 N   0.01044 0.98953 0.00002 0.00000 ( 2)  0.067  0.000
  73 K   0.99408 0.00592 0.00000 0.00000 ( 1)  0.006  0.000
  74 L   0.51837 0.48102 0.00061 0.00000 ( 1)  0.035  0.000
  75 I   0.00048 0.99909 0.00042 0.00000 ( 2)  0.067  0.000
  76 A   0.97411 0.02589 0.00000 0.00000 ( 1)  0.007  0.000
  77 L   0.92733 0.07264 0.00002 0.00000 ( 1)  0.010  0.000
  78 G   0.96538 0.03462 0.00000 0.00000 ( 1)  0.008  0.000
  79 E   0.93020 0.06980 0.00000 0.00000 ( 1)  0.010  0.000
  80 E   0.99385 0.00615 0.00000 0.00000 ( 1)  0.006  0.000
  81 N   0.99596 0.00404 0.00000 0.00000 ( 1)  0.006  0.000
  82 A   0.00015 0.98465 0.01520 0.00000 ( 2)  0.070  0.000
  83 T   0.00000 0.07755 0.92245 0.00000 ( 3)  0.254  0.000
  84 L   0.92283 0.07714 0.00003 0.00000 ( 1)  0.010  0.000
  85 K   0.92904 0.07096 0.00000 0.00000 ( 1)  0.010  0.000
  86 A   0.00000 0.78146 0.21854 0.00000 ( 2)  0.112  0.000
  87 E   0.99421 0.00579 0.00000 0.00000 ( 1)  0.006  0.000
  88 L   0.93313 0.06685 0.00001 0.00000 ( 1)  0.010  0.000
  89 L   0.94598 0.05402 0.00001 0.00000 ( 1)  0.009  0.000
  90 S   0.00850 0.97846 0.01305 0.00000 ( 2)  0.069  0.000
  91 L   0.51174 0.48760 0.00066 0.00000 ( 1)  0.036  0.000
  92 K   0.99409 0.00591 0.00000 0.00000 ( 1)  0.006  0.000
  93 L   0.49397 0.50505 0.00098 0.00000 ( 2)  0.037  0.000
  94 K   0.93923 0.06077 0.00000 0.00000 ( 1)  0.009  0.000
  95 F   0.97271 0.02729 0.00000 0.00000 ( 1)  0.007  0.000
  96 G   0.96777 0.03223 0.00000 0.00000 ( 1)  0.008  0.000
  97 L   0.91401 0.08594 0.00005 0.00000 ( 1)  0.011  0.000
  98 I   0.00023 0.99549 0.00427 0.00000 ( 2)  0.068  0.000
  99 S   0.80749 0.19251 0.00000 0.00000 ( 1)  0.018  0.000
 100 S   0.00062 0.93025 0.06914 0.00000 ( 2)  0.081  0.000
 101 T   0.00000 0.28315 0.71685 0.00000 ( 3)  0.213  0.000
 102 A   0.00000 0.00895 0.99105 0.00000 ( 3)  0.268  0.000
 103 Y   0.96987 0.03013 0.00000 0.00000 ( 1)  0.008  0.000
 104 A   0.00000 0.82347 0.17653 0.00000 ( 2)  0.103  0.000
 105 Q   0.75691 0.24308 0.00001 0.00000 ( 1)  0.021  0.000
 106 E   0.99425 0.00575 0.00000 0.00000 ( 1)  0.006  0.000
 107 I   0.00001 0.96577 0.03421 0.00000 ( 2)  0.074  0.000
 108 Q   0.23747 0.76244 0.00008 0.00000 ( 2)  0.053  0.000
 109 K   0.00918 0.99078 0.00004 0.00000 ( 2)  0.067  0.000
 110 L   0.00000 0.22123 0.77877 0.00000 ( 3)  0.225  0.000
 111 S   0.00000 0.13396 0.86604 0.00000 ( 3)  0.243  0.000
 112 N   0.00000 0.02072 0.97928 0.00000 ( 3)  0.266  0.000
 113 S   0.00000 0.01960 0.98040 0.00000 ( 3)  0.266  0.000
 114 T   0.00000 0.03013 0.96987 0.00000 ( 3)  0.264  0.000
 115 A   0.00000 0.00018 0.99982 0.00000 ( 3)  0.270  0.000
 116 V   0.00000 0.00003 0.99997 0.00000 ( 3)  0.270  0.000
 117 Y   0.00000 0.20893 0.79107 0.00000 ( 3)  0.228  0.000
 118 F   0.00001 0.93037 0.06961 0.00000 ( 2)  0.081  0.000
 119 Q   0.76617 0.23382 0.00001 0.00000 ( 1)  0.020  0.000
 120 D   0.00000 0.78334 0.21666 0.00000 ( 2)  0.111  0.000
 121 Y   0.00004 0.92939 0.07057 0.00000 ( 2)  0.082  0.000
 122 Q   0.00000 0.00000 1.00000 0.00000 ( 3)  0.270  0.000
 123 T   0.00000 0.00000 1.00000 0.00000 ( 3)  0.270  0.000
 124 K   0.00000 0.00009 0.99991 0.00000 ( 3)  0.270  0.000
 125 A   0.00000 0.00000 0.99915 0.00085 ( 3)  0.271  0.001
 126 S   0.00000 0.00000 1.00000 0.00000 ( 3)  0.270  0.000
 127 S   0.00000 0.00000 1.00000 0.00000 ( 3)  0.270  0.000
 128 F   0.00000 0.14571 0.85429 0.00000 ( 3)  0.241  0.000
 129 V   0.00000 0.00000 1.00000 0.00000 ( 3)  0.270  0.000
 130 D   0.00000 0.00016 0.99984 0.00000 ( 3)  0.270  0.000
 131 E   0.00001 0.99770 0.00229 0.00000 ( 2)  0.068  0.000
 132 V   0.00000 0.05819 0.94181 0.00000 ( 3)  0.258  0.000
 133 A   0.00000 0.00000 1.00000 0.00000 ( 3)  0.270  0.000
 134 G   0.00000 0.20576 0.79424 0.00000 ( 3)  0.228  0.000
 135 S   0.00233 0.99640 0.00127 0.00000 ( 2)  0.067  0.000
 136 C   0.92979 0.07019 0.00002 0.00000 ( 1)  0.010  0.000
 137 I   0.98774 0.01226 0.00000 0.00000 ( 1)  0.006  0.000
 138 S   0.93483 0.06516 0.00001 0.00000 ( 1)  0.010  0.000
 139 V   0.97318 0.02682 0.00000 0.00000 ( 1)  0.007  0.000
 140 I   0.98519 0.01481 0.00000 0.00000 ( 1)  0.007  0.000
 141 K   0.93772 0.06228 0.00000 0.00000 ( 1)  0.010  0.000
 142 H   0.98827 0.01173 0.00000 0.00000 ( 1)  0.006  0.000
 143 S   0.92770 0.07228 0.00002 0.00000 ( 1)  0.010  0.000
 144 P   0.62280 0.37708 0.00011 0.00000 ( 1)  0.029  0.000
 145 Q   0.00000 0.14330 0.85670 0.00000 ( 3)  0.241  0.000
 146 S   0.00000 0.74268 0.25732 0.00000 ( 2)  0.119  0.000
 147 S   0.00000 0.30677 0.69323 0.00000 ( 3)  0.208  0.000
 148 L   0.00000 0.68338 0.31662 0.00000 ( 2)  0.131  0.000
 149 S   0.00000 0.67381 0.32619 0.00000 ( 2)  0.133  0.000
 150 P   0.00000 0.14627 0.85373 0.00000 ( 3)  0.240  0.000
 151 E   0.00000 0.00003 0.99997 0.00000 ( 3)  0.270  0.000
 152 I   0.00312 0.99616 0.00073 0.00000 ( 2)  0.067  0.000
 153 K   0.99458 0.00542 0.00000 0.00000 ( 1)  0.006  0.000
 154 Q   0.20843 0.79143 0.00015 0.00000 ( 2)  0.054  0.000
 155 E   0.99416 0.00584 0.00000 0.00000 ( 1)  0.006  0.000
 156 P   0.01090 0.98306 0.00604 0.00000 ( 2)  0.068  0.000
 157 V   0.00000 0.00000 1.00000 0.00000 ( 3)  0.270  0.000
 158 E   0.53472 0.46528 0.00000 0.00000 ( 1)  0.034  0.000
 159 L   0.00000 0.00096 0.99904 0.00000 ( 3)  0.270  0.000
 160 R   0.00001 0.93359 0.06640 0.00000 ( 2)  0.081  0.000
 161 E   0.00000 0.99635 0.00364 0.00000 ( 2)  0.068  0.000
 162 T   0.00000 0.00000 1.00000 0.00000 ( 3)  0.270  0.000
 163 S   0.00000 0.04492 0.95508 0.00000 ( 3)  0.261  0.000
 164 I   0.00000 0.00019 0.99981 0.00000 ( 3)  0.270  0.000
 165 Y   0.00013 0.97952 0.02035 0.00000 ( 2)  0.071  0.000
 166 Q   0.00000 0.00208 0.99792 0.00000 ( 3)  0.270  0.000
 167 S   0.00000 0.88295 0.11705 0.00000 ( 2)  0.091  0.000
 168 Y   0.00000 0.63017 0.36983 0.00000 ( 2)  0.142  0.000
 169 M   0.00000 0.00001 0.99999 0.00000 ( 3)  0.270  0.000
 170 G   0.00000 0.04009 0.95991 0.00000 ( 3)  0.262  0.000
 171 S   0.00000 0.00000 1.00000 0.00000 ( 3)  0.270  0.000
 172 S   0.00000 0.00001 0.99999 0.00000 ( 3)  0.270  0.000
 173 F   0.16832 0.83137 0.00031 0.00000 ( 2)  0.057  0.000
 174 S   0.00000 0.00000 0.99995 0.00005 ( 3)  0.270  0.000
 175 T   0.00000 0.00000 1.00000 0.00000 ( 3)  0.270  0.000
 176 Y   0.00012 0.97518 0.02470 0.00000 ( 2)  0.072  0.000
 177 S   0.00000 0.16542 0.83458 0.00000 ( 3)  0.237  0.000
 178 P   0.00008 0.93444 0.06547 0.00000 ( 2)  0.081  0.000
 179 L   0.00000 0.01676 0.98324 0.00000 ( 3)  0.267  0.000
 180 L   0.00063 0.92891 0.07046 0.00000 ( 2)  0.081  0.000
 181 Q   0.00016 0.98885 0.01099 0.00000 ( 2)  0.069  0.000
 182 V   0.00000 0.00004 0.99996 0.00000 ( 3)  0.270  0.000
 183 H   0.00000 0.00534 0.99466 0.00000 ( 3)  0.269  0.000
 184 G   0.00016 0.98707 0.01278 0.00000 ( 2)  0.070  0.000
 185 S   0.08916 0.90755 0.00329 0.00000 ( 2)  0.062  0.000
 186 T   0.00878 0.97968 0.01154 0.00000 ( 2)  0.069  0.000
 187 S   0.82927 0.17073 0.00000 0.00000 ( 1)  0.016  0.000
 188 N   0.11696 0.88304 0.00000 0.00000 ( 2)  0.060  0.000
 189 S   0.94114 0.05885 0.00001 0.00000 ( 1)  0.009  0.000
 190 P   0.95082 0.04917 0.00000 0.00000 ( 1)  0.009  0.000
 191 R   0.76244 0.23755 0.00001 0.00000 ( 1)  0.020  0.000
 192 T   0.02319 0.97620 0.00060 0.00000 ( 2)  0.066  0.000
 193 S   0.91815 0.08182 0.00003 0.00000 ( 1)  0.011  0.000
 194 D   0.01137 0.98861 0.00002 0.00000 ( 2)  0.067  0.000
 195 E   0.00000 0.92214 0.07786 0.00000 ( 2)  0.083  0.000
 196 G   0.00000 0.38915 0.61085 0.00000 ( 3)  0.191  0.000
 197 V   0.00000 0.00906 0.99094 0.00000 ( 3)  0.268  0.000
 198 V   0.02386 0.97554 0.00060 0.00000 ( 2)  0.066  0.000
 199 G   0.01682 0.98174 0.00143 0.00000 ( 2)  0.066  0.000
 200 K   0.99458 0.00542 0.00000 0.00000 ( 1)  0.006  0.000
 201 S   0.00000 0.00200 0.99800 0.00000 ( 3)  0.270  0.000
 202 S   0.09063 0.90618 0.00318 0.00000 ( 2)  0.062  0.000
 203 D   0.95177 0.04823 0.00000 0.00000 ( 1)  0.009  0.000
 204 G   0.00146 0.99258 0.00596 0.00000 ( 2)  0.068  0.000
 205 E   0.99370 0.00630 0.00000 0.00000 ( 1)  0.006  0.000
 206 D   0.99600 0.00400 0.00000 0.00000 ( 1)  0.006  0.000
 207 E   0.99444 0.00556 0.00000 0.00000 ( 1)  0.006  0.000
 208 Q   0.97681 0.02319 0.00000 0.00000 ( 1)  0.007  0.000
 209 Q   0.72397 0.27601 0.00002 0.00000 ( 1)  0.023  0.000
 210 V   0.97533 0.02467 0.00000 0.00000 ( 1)  0.007  0.000
 211 P   0.95045 0.04955 0.00000 0.00000 ( 1)  0.009  0.000
 212 K   0.93273 0.06727 0.00000 0.00000 ( 1)  0.010  0.000
 213 G   0.96858 0.03142 0.00000 0.00000 ( 1)  0.008  0.000
 214 P   0.01048 0.98241 0.00711 0.00000 ( 2)  0.068  0.000
 215 I   0.00000 0.03211 0.96789 0.00000 ( 3)  0.264  0.000
 216 H   0.00001 0.95771 0.04227 0.00000 ( 2)  0.076  0.000
 217 S   0.00000 0.11361 0.88639 0.00000 ( 3)  0.247  0.000
 218 L   0.00000 0.00164 0.99836 0.00000 ( 3)  0.270  0.000
 219 Q   0.00000 0.00988 0.99012 0.00000 ( 3)  0.268  0.000
 220 R   0.00000 0.00047 0.99953 0.00000 ( 3)  0.270  0.000
 221 V   0.00000 0.00002 0.99998 0.00000 ( 3)  0.270  0.000
 222 H   0.00000 0.21926 0.78074 0.00000 ( 3)  0.226  0.000
 223 A   0.00000 0.00069 0.99931 0.00000 ( 3)  0.270  0.000
 224 T   0.00000 0.65184 0.34816 0.00000 ( 2)  0.138  0.000
 225 V   0.00000 0.41533 0.58467 0.00000 ( 3)  0.186  0.000
 226 K   0.92912 0.07088 0.00000 0.00000 ( 1)  0.010  0.000
 227 V   0.78558 0.21442 0.00001 0.00000 ( 1)  0.019  0.000
 228 P   0.62416 0.37573 0.00011 0.00000 ( 1)  0.029  0.000
 229 E   0.09693 0.90306 0.00001 0.00000 ( 2)  0.061  0.000
 230 V   0.00000 0.00203 0.99797 0.00000 ( 3)  0.270  0.000
 231 N   0.00000 0.02646 0.97354 0.00000 ( 3)  0.265  0.000
 232 P   0.00086 0.97079 0.02835 0.00000 ( 2)  0.073  0.000
 233 A   0.97474 0.02526 0.00000 0.00000 ( 1)  0.007  0.000
 234 L   0.92443 0.07554 0.00003 0.00000 ( 1)  0.010  0.000
 235 P   0.95202 0.04797 0.00000 0.00000 ( 1)  0.009  0.000
 236 H   0.98819 0.01181 0.00000 0.00000 ( 1)  0.006  0.000
 237 K   0.99445 0.00555 0.00000 0.00000 ( 1)  0.006  0.000
 238 L   0.94563 0.05436 0.00001 0.00000 ( 1)  0.009  0.000
 239 R   0.92581 0.07416 0.00002 0.00000 ( 1)  0.010  0.000
 240 I   0.03653 0.96331 0.00016 0.00000 ( 2)  0.065  0.000
 241 K   0.99372 0.00628 0.00000 0.00000 ( 1)  0.006  0.000
 242 A   0.00170 0.99377 0.00453 0.00000 ( 2)  0.068  0.000
 243 K   0.00401 0.99566 0.00033 0.00000 ( 2)  0.067  0.000
 244 A   0.02041 0.97864 0.00095 0.00000 ( 2)  0.066  0.000
 245 M   0.00724 0.99271 0.00005 0.00000 ( 2)  0.067  0.000
 246 Q   0.00001 0.93859 0.06140 0.00000 ( 2)  0.080  0.000
 247 V   0.00002 0.99099 0.00898 0.00000 ( 2)  0.069  0.000
 248 K   0.99343 0.00657 0.00000 0.00000 ( 1)  0.006  0.000
 249 V   0.00016 0.98872 0.01112 0.00000 ( 2)  0.069  0.000
 250 E   0.99389 0.00611 0.00000 0.00000 ( 1)  0.006  0.000
 251 A   0.00000 0.00011 0.99989 0.00000 ( 3)  0.270  0.000
 252 L   0.00000 0.00000 1.00000 0.00000 ( 3)  0.270  0.000
 253 D   0.00001 0.99878 0.00121 0.00000 ( 2)  0.067  0.000
 254 S   0.00000 0.00056 0.99944 0.00000 ( 3)  0.270  0.000
 255 E   0.00000 0.79251 0.20749 0.00000 ( 2)  0.109  0.000
 256 F   0.00000 0.72077 0.27923 0.00000 ( 2)  0.124  0.000
 257 E   0.00000 0.00033 0.99967 0.00000 ( 3)  0.270  0.000
 258 G   0.00000 0.00000 1.00000 0.00000 ( 3)  0.270  0.000
 259 M   0.00000 0.00000 1.00000 0.00000 ( 3)  0.270  0.000
 260 A   0.00000 0.00004 0.99996 0.00000 ( 3)  0.270  0.000
 261 H   0.00027 0.99734 0.00240 0.00000 ( 2)  0.068  0.000
 262 S   0.00000 0.00000 1.00000 0.00000 ( 3)  0.270  0.000
 263 L   0.00000 0.13235 0.86765 0.00000 ( 3)  0.243  0.000
 264 P   0.00000 0.10333 0.89667 0.00000 ( 3)  0.249  0.000
 265 P   0.95403 0.04597 0.00000 0.00000 ( 1)  0.009  0.000
 266 F   0.00999 0.98184 0.00816 0.00000 ( 2)  0.068  0.000
 267 S   0.92875 0.07123 0.00002 0.00000 ( 1)  0.010  0.000
 268 V   0.00000 0.74835 0.25165 0.00000 ( 2)  0.118  0.000
 269 Q   0.97522 0.02478 0.00000 0.00000 ( 1)  0.007  0.000
 270 V   0.24803 0.75190 0.00008 0.00000 ( 2)  0.052  0.000
 271 T   0.00015 0.98527 0.01458 0.00000 ( 2)  0.070  0.000
 272 N   0.00000 0.99056 0.00944 0.00000 ( 2)  0.069  0.000
 273 I   0.00404 0.99563 0.00033 0.00000 ( 2)  0.067  0.000
 274 Q   0.00001 0.96157 0.03842 0.00000 ( 2)  0.075  0.000
 275 D   0.00854 0.99142 0.00004 0.00000 ( 2)  0.067  0.000
 276 W   0.88045 0.11938 0.00017 0.00000 ( 1)  0.013  0.000
 277 S   0.00000 0.00806 0.99194 0.00000 ( 3)  0.268  0.000
 278 H   0.00000 0.00078 0.99922 0.00000 ( 3)  0.270  0.000
 279 K   0.00000 0.01418 0.98582 0.00000 ( 3)  0.267  0.000
 280 T   0.00000 0.00001 0.99999 0.00000 ( 3)  0.270  0.000

Positively selected sites

	Prob(w>1)  mean w



lnL = -20331.631049

Bayes Empirical Bayes (BEB) probabilities for 11 classes (class) & postmean_w
(amino acids refer to 1st sequence: Mus_musculus)

   1 M   0.99994 0.00006 0.00000 0.00000 0.00000 0.00000 0.00000 0.00000 0.00000 0.00000 0.00000 ( 1)  0.050 +-  0.001
   2 Q   0.99431 0.00566 0.00004 0.00000 0.00000 0.00000 0.00000 0.00000 0.00000 0.00000 0.00000 ( 1)  0.051 +-  0.008
   3 T   0.00001 0.07927 0.47570 0.33663 0.09137 0.01498 0.00184 0.00019 0.00002 0.00000 0.00000 ( 3)  0.299 +-  0.084
   4 I   0.02182 0.71318 0.24329 0.02067 0.00100 0.00004 0.00000 0.00000 0.00000 0.00000 0.00000 ( 2)  0.177 +-  0.054
   5 K   0.99979 0.00021 0.00000 0.00000 0.00000 0.00000 0.00000 0.00000 0.00000 0.00000 0.00000 ( 1)  0.050 +-  0.001
   6 K   0.56138 0.42496 0.01347 0.00019 0.00000 0.00000 0.00000 0.00000 0.00000 0.00000 0.00000 ( 1)  0.095 +-  0.053
   7 E   0.99994 0.00006 0.00000 0.00000 0.00000 0.00000 0.00000 0.00000 0.00000 0.00000 0.00000 ( 1)  0.050 +-  0.001
   8 P   0.00000 0.00789 0.21210 0.43084 0.25690 0.07589 0.01426 0.00192 0.00019 0.00001 0.00000 ( 4)  0.373 +-  0.096
   9 S   0.00000 0.00007 0.02768 0.25467 0.40134 0.23116 0.06994 0.01334 0.00169 0.00011 0.00000 ( 5)  0.461 +-  0.101
  10 D   0.00558 0.76670 0.21691 0.01054 0.00026 0.00001 0.00000 0.00000 0.00000 0.00000 0.00000 ( 2)  0.173 +-  0.046
  11 K   0.02438 0.85504 0.11715 0.00338 0.00006 0.00000 0.00000 0.00000 0.00000 0.00000 0.00000 ( 2)  0.160 +-  0.038
  12 M   0.00000 0.02019 0.42187 0.43109 0.11179 0.01387 0.00111 0.00007 0.00000 0.00000 0.00000 ( 4)  0.318 +-  0.076
  13 L   0.00025 0.31410 0.55206 0.12241 0.01060 0.00056 0.00002 0.00000 0.00000 0.00000 0.00000 ( 3)  0.233 +-  0.068
  14 L   0.01251 0.62347 0.32073 0.04032 0.00282 0.00015 0.00001 0.00000 0.00000 0.00000 0.00000 ( 2)  0.190 +-  0.060
  15 L   0.97503 0.02432 0.00064 0.00002 0.00000 0.00000 0.00000 0.00000 0.00000 0.00000 0.00000 ( 1)  0.053 +-  0.016
  16 G   0.00000 0.00148 0.11707 0.41202 0.32992 0.11341 0.02271 0.00308 0.00029 0.00001 0.00000 ( 4)  0.402 +-  0.095
  17 E   0.41686 0.56447 0.01845 0.00022 0.00000 0.00000 0.00000 0.00000 0.00000 0.00000 0.00000 ( 2)  0.110 +-  0.053
  18 D   0.00001 0.13062 0.62029 0.22182 0.02553 0.00166 0.00008 0.00000 0.00000 0.00000 0.00000 ( 3)  0.265 +-  0.067
  19 L   0.00300 0.53390 0.40065 0.05797 0.00424 0.00022 0.00001 0.00000 0.00000 0.00000 0.00000 ( 2)  0.203 +-  0.063
  20 L   0.18876 0.60560 0.18062 0.02289 0.00198 0.00014 0.00001 0.00000 0.00000 0.00000 0.00000 ( 2)  0.154 +-  0.069
  21 L   0.00001 0.08717 0.50510 0.32240 0.07445 0.00987 0.00093 0.00007 0.00000 0.00000 0.00000 ( 3)  0.292 +-  0.080
  22 E   0.00015 0.30288 0.56540 0.12118 0.00988 0.00049 0.00002 0.00000 0.00000 0.00000 0.00000 ( 3)  0.234 +-  0.067
  23 S   0.00000 0.00083 0.08829 0.37943 0.35543 0.13942 0.03135 0.00473 0.00049 0.00003 0.00000 ( 4)  0.416 +-  0.097
  24 M   0.00000 0.00028 0.04426 0.28156 0.38209 0.21163 0.06525 0.01306 0.00176 0.00012 0.00000 ( 5)  0.452 +-  0.104
  25 G   0.00000 0.04189 0.42301 0.39407 0.11962 0.01919 0.00204 0.00016 0.00001 0.00000 0.00000 ( 3)  0.316 +-  0.083
  26 K   0.99747 0.00253 0.00001 0.00000 0.00000 0.00000 0.00000 0.00000 0.00000 0.00000 0.00000 ( 1)  0.050 +-  0.005
  27 S   0.00178 0.29659 0.48943 0.17667 0.03140 0.00375 0.00035 0.00003 0.00000 0.00000 0.00000 ( 3)  0.245 +-  0.080
  28 A   0.00000 0.00876 0.22731 0.42709 0.24528 0.07401 0.01500 0.00228 0.00026 0.00002 0.00000 ( 4)  0.370 +-  0.097
  29 C   0.99696 0.00301 0.00003 0.00000 0.00000 0.00000 0.00000 0.00000 0.00000 0.00000 0.00000 ( 1)  0.050 +-  0.006
  30 R   0.99668 0.00328 0.00004 0.00000 0.00000 0.00000 0.00000 0.00000 0.00000 0.00000 0.00000 ( 1)  0.050 +-  0.006
  31 R   0.99955 0.00045 0.00000 0.00000 0.00000 0.00000 0.00000 0.00000 0.00000 0.00000 0.00000 ( 1)  0.050 +-  0.002
  32 K   0.99993 0.00007 0.00000 0.00000 0.00000 0.00000 0.00000 0.00000 0.00000 0.00000 0.00000 ( 1)  0.050 +-  0.001
  33 R   0.99716 0.00282 0.00003 0.00000 0.00000 0.00000 0.00000 0.00000 0.00000 0.00000 0.00000 ( 1)  0.050 +-  0.005
  34 E   0.99993 0.00007 0.00000 0.00000 0.00000 0.00000 0.00000 0.00000 0.00000 0.00000 0.00000 ( 1)  0.050 +-  0.001
  35 F   0.99922 0.00078 0.00000 0.00000 0.00000 0.00000 0.00000 0.00000 0.00000 0.00000 0.00000 ( 1)  0.050 +-  0.003
  36 I   0.99978 0.00022 0.00000 0.00000 0.00000 0.00000 0.00000 0.00000 0.00000 0.00000 0.00000 ( 1)  0.050 +-  0.001
  37 P   0.99829 0.00170 0.00001 0.00000 0.00000 0.00000 0.00000 0.00000 0.00000 0.00000 0.00000 ( 1)  0.050 +-  0.004
  38 D   0.99879 0.00121 0.00000 0.00000 0.00000 0.00000 0.00000 0.00000 0.00000 0.00000 0.00000 ( 1)  0.050 +-  0.003
  39 E   0.99940 0.00060 0.00000 0.00000 0.00000 0.00000 0.00000 0.00000 0.00000 0.00000 0.00000 ( 1)  0.050 +-  0.002
  40 K   0.99984 0.00016 0.00000 0.00000 0.00000 0.00000 0.00000 0.00000 0.00000 0.00000 0.00000 ( 1)  0.050 +-  0.001
  41 K   0.99993 0.00007 0.00000 0.00000 0.00000 0.00000 0.00000 0.00000 0.00000 0.00000 0.00000 ( 1)  0.050 +-  0.001
  42 D   0.99996 0.00004 0.00000 0.00000 0.00000 0.00000 0.00000 0.00000 0.00000 0.00000 0.00000 ( 1)  0.050 +-  0.001
  43 A   0.75199 0.23916 0.00869 0.00016 0.00000 0.00000 0.00000 0.00000 0.00000 0.00000 0.00000 ( 1)  0.076 +-  0.046
  44 M   0.39438 0.57518 0.02989 0.00055 0.00001 0.00000 0.00000 0.00000 0.00000 0.00000 0.00000 ( 2)  0.114 +-  0.054
  45 Y   0.99914 0.00086 0.00000 0.00000 0.00000 0.00000 0.00000 0.00000 0.00000 0.00000 0.00000 ( 1)  0.050 +-  0.003
  46 W   0.99178 0.00802 0.00020 0.00001 0.00000 0.00000 0.00000 0.00000 0.00000 0.00000 0.00000 ( 1)  0.051 +-  0.009
  47 E   0.99993 0.00007 0.00000 0.00000 0.00000 0.00000 0.00000 0.00000 0.00000 0.00000 0.00000 ( 1)  0.050 +-  0.001
  48 K   0.99876 0.00124 0.00000 0.00000 0.00000 0.00000 0.00000 0.00000 0.00000 0.00000 0.00000 ( 1)  0.050 +-  0.004
  49 R   0.99924 0.00076 0.00000 0.00000 0.00000 0.00000 0.00000 0.00000 0.00000 0.00000 0.00000 ( 1)  0.050 +-  0.003
  50 R   0.99755 0.00242 0.00002 0.00000 0.00000 0.00000 0.00000 0.00000 0.00000 0.00000 0.00000 ( 1)  0.050 +-  0.005
  51 K   0.99993 0.00007 0.00000 0.00000 0.00000 0.00000 0.00000 0.00000 0.00000 0.00000 0.00000 ( 1)  0.050 +-  0.001
  52 N   0.99996 0.00004 0.00000 0.00000 0.00000 0.00000 0.00000 0.00000 0.00000 0.00000 0.00000 ( 1)  0.050 +-  0.001
  53 N   0.99996 0.00004 0.00000 0.00000 0.00000 0.00000 0.00000 0.00000 0.00000 0.00000 0.00000 ( 1)  0.050 +-  0.001
  54 E   0.99993 0.00007 0.00000 0.00000 0.00000 0.00000 0.00000 0.00000 0.00000 0.00000 0.00000 ( 1)  0.050 +-  0.001
  55 A   0.99947 0.00053 0.00000 0.00000 0.00000 0.00000 0.00000 0.00000 0.00000 0.00000 0.00000 ( 1)  0.050 +-  0.002
  56 A   0.99931 0.00069 0.00000 0.00000 0.00000 0.00000 0.00000 0.00000 0.00000 0.00000 0.00000 ( 1)  0.050 +-  0.003
  57 K   0.99993 0.00007 0.00000 0.00000 0.00000 0.00000 0.00000 0.00000 0.00000 0.00000 0.00000 ( 1)  0.050 +-  0.001
  58 R   0.99888 0.00111 0.00000 0.00000 0.00000 0.00000 0.00000 0.00000 0.00000 0.00000 0.00000 ( 1)  0.050 +-  0.003
  59 S   0.99755 0.00243 0.00002 0.00000 0.00000 0.00000 0.00000 0.00000 0.00000 0.00000 0.00000 ( 1)  0.050 +-  0.005
  60 R   0.99770 0.00228 0.00002 0.00000 0.00000 0.00000 0.00000 0.00000 0.00000 0.00000 0.00000 ( 1)  0.050 +-  0.005
  61 E   0.99994 0.00006 0.00000 0.00000 0.00000 0.00000 0.00000 0.00000 0.00000 0.00000 0.00000 ( 1)  0.050 +-  0.001
  62 K   0.99994 0.00006 0.00000 0.00000 0.00000 0.00000 0.00000 0.00000 0.00000 0.00000 0.00000 ( 1)  0.050 +-  0.001
  63 R   0.99632 0.00364 0.00004 0.00000 0.00000 0.00000 0.00000 0.00000 0.00000 0.00000 0.00000 ( 1)  0.050 +-  0.006
  64 R   0.99626 0.00369 0.00005 0.00000 0.00000 0.00000 0.00000 0.00000 0.00000 0.00000 0.00000 ( 1)  0.050 +-  0.006
  65 L   0.94146 0.05648 0.00200 0.00005 0.00000 0.00000 0.00000 0.00000 0.00000 0.00000 0.00000 ( 1)  0.056 +-  0.025
  66 N   0.99997 0.00003 0.00000 0.00000 0.00000 0.00000 0.00000 0.00000 0.00000 0.00000 0.00000 ( 1)  0.050 +-  0.001
  67 D   0.99996 0.00004 0.00000 0.00000 0.00000 0.00000 0.00000 0.00000 0.00000 0.00000 0.00000 ( 1)  0.050 +-  0.001
  68 L   0.99658 0.00342 0.00001 0.00000 0.00000 0.00000 0.00000 0.00000 0.00000 0.00000 0.00000 ( 1)  0.050 +-  0.006
  69 V   0.99949 0.00051 0.00000 0.00000 0.00000 0.00000 0.00000 0.00000 0.00000 0.00000 0.00000 ( 1)  0.050 +-  0.002
  70 L   0.99578 0.00416 0.00006 0.00000 0.00000 0.00000 0.00000 0.00000 0.00000 0.00000 0.00000 ( 1)  0.050 +-  0.007
  71 E   0.99994 0.00006 0.00000 0.00000 0.00000 0.00000 0.00000 0.00000 0.00000 0.00000 0.00000 ( 1)  0.050 +-  0.001
  72 N   0.99602 0.00397 0.00001 0.00000 0.00000 0.00000 0.00000 0.00000 0.00000 0.00000 0.00000 ( 1)  0.050 +-  0.006
  73 K   0.99993 0.00007 0.00000 0.00000 0.00000 0.00000 0.00000 0.00000 0.00000 0.00000 0.00000 ( 1)  0.050 +-  0.001
  74 L   0.98923 0.01056 0.00021 0.00000 0.00000 0.00000 0.00000 0.00000 0.00000 0.00000 0.00000 ( 1)  0.051 +-  0.011
  75 I   0.97155 0.02828 0.00017 0.00000 0.00000 0.00000 0.00000 0.00000 0.00000 0.00000 0.00000 ( 1)  0.053 +-  0.017
  76 A   0.99936 0.00064 0.00000 0.00000 0.00000 0.00000 0.00000 0.00000 0.00000 0.00000 0.00000 ( 1)  0.050 +-  0.003
  77 L   0.99647 0.00349 0.00004 0.00000 0.00000 0.00000 0.00000 0.00000 0.00000 0.00000 0.00000 ( 1)  0.050 +-  0.006
  78 G   0.99902 0.00098 0.00000 0.00000 0.00000 0.00000 0.00000 0.00000 0.00000 0.00000 0.00000 ( 1)  0.050 +-  0.003
  79 E   0.99978 0.00022 0.00000 0.00000 0.00000 0.00000 0.00000 0.00000 0.00000 0.00000 0.00000 ( 1)  0.050 +-  0.001
  80 E   0.99993 0.00007 0.00000 0.00000 0.00000 0.00000 0.00000 0.00000 0.00000 0.00000 0.00000 ( 1)  0.050 +-  0.001
  81 N   0.99996 0.00004 0.00000 0.00000 0.00000 0.00000 0.00000 0.00000 0.00000 0.00000 0.00000 ( 1)  0.050 +-  0.001
  82 A   0.84162 0.15294 0.00533 0.00011 0.00000 0.00000 0.00000 0.00000 0.00000 0.00000 0.00000 ( 1)  0.066 +-  0.039
  83 T   0.03112 0.60975 0.30900 0.04593 0.00393 0.00025 0.00001 0.00000 0.00000 0.00000 0.00000 ( 2)  0.188 +-  0.065
  84 L   0.99599 0.00396 0.00005 0.00000 0.00000 0.00000 0.00000 0.00000 0.00000 0.00000 0.00000 ( 1)  0.050 +-  0.006
  85 K   0.99977 0.00023 0.00000 0.00000 0.00000 0.00000 0.00000 0.00000 0.00000 0.00000 0.00000 ( 1)  0.050 +-  0.002
  86 A   0.34381 0.59268 0.06090 0.00254 0.00008 0.00000 0.00000 0.00000 0.00000 0.00000 0.00000 ( 2)  0.122 +-  0.058
  87 E   0.99994 0.00006 0.00000 0.00000 0.00000 0.00000 0.00000 0.00000 0.00000 0.00000 0.00000 ( 1)  0.050 +-  0.001
  88 L   0.99696 0.00301 0.00003 0.00000 0.00000 0.00000 0.00000 0.00000 0.00000 0.00000 0.00000 ( 1)  0.050 +-  0.006
  89 L   0.99790 0.00209 0.00001 0.00000 0.00000 0.00000 0.00000 0.00000 0.00000 0.00000 0.00000 ( 1)  0.050 +-  0.005
  90 S   0.92339 0.07323 0.00327 0.00011 0.00000 0.00000 0.00000 0.00000 0.00000 0.00000 0.00000 ( 1)  0.058 +-  0.028
  91 L   0.98882 0.01095 0.00022 0.00000 0.00000 0.00000 0.00000 0.00000 0.00000 0.00000 0.00000 ( 1)  0.051 +-  0.011
  92 K   0.99993 0.00007 0.00000 0.00000 0.00000 0.00000 0.00000 0.00000 0.00000 0.00000 0.00000 ( 1)  0.050 +-  0.001
  93 L   0.98703 0.01264 0.00032 0.00001 0.00000 0.00000 0.00000 0.00000 0.00000 0.00000 0.00000 ( 1)  0.051 +-  0.012
  94 K   0.99982 0.00018 0.00000 0.00000 0.00000 0.00000 0.00000 0.00000 0.00000 0.00000 0.00000 ( 1)  0.050 +-  0.001
  95 F   0.99934 0.00066 0.00000 0.00000 0.00000 0.00000 0.00000 0.00000 0.00000 0.00000 0.00000 ( 1)  0.050 +-  0.003
  96 G   0.99913 0.00087 0.00000 0.00000 0.00000 0.00000 0.00000 0.00000 0.00000 0.00000 0.00000 ( 1)  0.050 +-  0.003
  97 L   0.99514 0.00478 0.00008 0.00000 0.00000 0.00000 0.00000 0.00000 0.00000 0.00000 0.00000 ( 1)  0.050 +-  0.007
  98 I   0.91377 0.08461 0.00160 0.00002 0.00000 0.00000 0.00000 0.00000 0.00000 0.00000 0.00000 ( 1)  0.059 +-  0.029
  99 S   0.99882 0.00118 0.00000 0.00000 0.00000 0.00000 0.00000 0.00000 0.00000 0.00000 0.00000 ( 1)  0.050 +-  0.003
 100 S   0.76483 0.21539 0.01875 0.00099 0.00004 0.00000 0.00000 0.00000 0.00000 0.00000 0.00000 ( 1)  0.076 +-  0.048
 101 T   0.08795 0.71816 0.17876 0.01438 0.00072 0.00003 0.00000 0.00000 0.00000 0.00000 0.00000 ( 2)  0.162 +-  0.056
 102 A   0.00264 0.45811 0.44447 0.08597 0.00822 0.00055 0.00003 0.00000 0.00000 0.00000 0.00000 ( 2)  0.214 +-  0.068
 103 Y   0.99920 0.00080 0.00000 0.00000 0.00000 0.00000 0.00000 0.00000 0.00000 0.00000 0.00000 ( 1)  0.050 +-  0.003
 104 A   0.37837 0.56830 0.05137 0.00192 0.00005 0.00000 0.00000 0.00000 0.00000 0.00000 0.00000 ( 2)  0.118 +-  0.058
 105 Q   0.99802 0.00197 0.00001 0.00000 0.00000 0.00000 0.00000 0.00000 0.00000 0.00000 0.00000 ( 1)  0.050 +-  0.004
 106 E   0.99994 0.00006 0.00000 0.00000 0.00000 0.00000 0.00000 0.00000 0.00000 0.00000 0.00000 ( 1)  0.050 +-  0.001
 107 I   0.69816 0.28883 0.01273 0.00027 0.00000 0.00000 0.00000 0.00000 0.00000 0.00000 0.00000 ( 1)  0.082 +-  0.049
 108 Q   0.99543 0.00455 0.00002 0.00000 0.00000 0.00000 0.00000 0.00000 0.00000 0.00000 0.00000 ( 1)  0.050 +-  0.007
 109 K   0.99503 0.00496 0.00001 0.00000 0.00000 0.00000 0.00000 0.00000 0.00000 0.00000 0.00000 ( 1)  0.050 +-  0.007
 110 L   0.09775 0.64972 0.22169 0.02827 0.00239 0.00017 0.00001 0.00000 0.00000 0.00000 0.00000 ( 2)  0.169 +-  0.065
 111 S   0.03630 0.70644 0.23530 0.02089 0.00103 0.00004 0.00000 0.00000 0.00000 0.00000 0.00000 ( 2)  0.174 +-  0.055
 112 N   0.00287 0.65735 0.31320 0.02551 0.00104 0.00003 0.00000 0.00000 0.00000 0.00000 0.00000 ( 2)  0.186 +-  0.054
 113 S   0.00847 0.46369 0.41831 0.09659 0.01184 0.00102 0.00007 0.00000 0.00000 0.00000 0.00000 ( 2)  0.214 +-  0.072
 114 T   0.00926 0.57034 0.36034 0.05511 0.00463 0.00029 0.00002 0.00000 0.00000 0.00000 0.00000 ( 2)  0.198 +-  0.064
 115 A   0.00003 0.13842 0.54783 0.25963 0.04807 0.00549 0.00048 0.00004 0.00000 0.00000 0.00000 ( 3)  0.274 +-  0.077
 116 V   0.00000 0.08334 0.54225 0.30790 0.05941 0.00654 0.00052 0.00003 0.00000 0.00000 0.00000 ( 3)  0.287 +-  0.075
 117 Y   0.07088 0.69445 0.21253 0.02084 0.00124 0.00006 0.00000 0.00000 0.00000 0.00000 0.00000 ( 2)  0.169 +-  0.059
 118 F   0.60037 0.37550 0.02346 0.00066 0.00001 0.00000 0.00000 0.00000 0.00000 0.00000 0.00000 ( 1)  0.092 +-  0.054
 119 Q   0.99818 0.00181 0.00001 0.00000 0.00000 0.00000 0.00000 0.00000 0.00000 0.00000 0.00000 ( 1)  0.050 +-  0.004
 120 D   0.16002 0.78702 0.05190 0.00105 0.00001 0.00000 0.00000 0.00000 0.00000 0.00000 0.00000 ( 2)  0.139 +-  0.045
 121 Y   0.63487 0.34155 0.02285 0.00072 0.00002 0.00000 0.00000 0.00000 0.00000 0.00000 0.00000 ( 1)  0.089 +-  0.054
 122 Q   0.00000 0.00946 0.24865 0.44243 0.22804 0.05965 0.01031 0.00133 0.00013 0.00001 0.00000 ( 4)  0.362 +-  0.093
 123 T   0.00000 0.00446 0.17180 0.42520 0.28627 0.09143 0.01807 0.00251 0.00025 0.00001 0.00000 ( 4)  0.385 +-  0.096
 124 K   0.00001 0.14423 0.59719 0.22580 0.03023 0.00239 0.00014 0.00001 0.00000 0.00000 0.00000 ( 3)  0.265 +-  0.070
 125 A   0.00000 0.00000 0.00095 0.03140 0.16298 0.29608 0.27588 0.15990 0.06107 0.01150 0.00024 ( 6)  0.610 +-  0.127
 126 S   0.00000 0.00054 0.07855 0.37993 0.36604 0.14032 0.02996 0.00423 0.00041 0.00002 0.00000 ( 4)  0.418 +-  0.095
 127 S   0.00000 0.00472 0.15809 0.40094 0.29765 0.10885 0.02511 0.00412 0.00049 0.00003 0.00000 ( 4)  0.394 +-  0.101
 128 F   0.03908 0.71197 0.22776 0.02012 0.00103 0.00004 0.00000 0.00000 0.00000 0.00000 0.00000 ( 2)  0.173 +-  0.055
 129 V   0.00000 0.00007 0.02073 0.19909 0.36952 0.26914 0.10787 0.02815 0.00499 0.00045 0.00000 ( 5)  0.485 +-  0.110
 130 D   0.00002 0.19357 0.60931 0.17780 0.01817 0.00108 0.00005 0.00000 0.00000 0.00000 0.00000 ( 3)  0.252 +-  0.067
 131 E   0.88188 0.11689 0.00123 0.00001 0.00000 0.00000 0.00000 0.00000 0.00000 0.00000 0.00000 ( 1)  0.062 +-  0.033
 132 V   0.02029 0.60815 0.32124 0.04630 0.00378 0.00023 0.00001 0.00000 0.00000 0.00000 0.00000 ( 2)  0.191 +-  0.063
 133 A   0.00000 0.01766 0.31536 0.43804 0.18359 0.03923 0.00550 0.00057 0.00005 0.00000 0.00000 ( 4)  0.343 +-  0.088
 134 G   0.03525 0.78371 0.17200 0.00879 0.00024 0.00000 0.00000 0.00000 0.00000 0.00000 0.00000 ( 2)  0.166 +-  0.047
 135 S   0.96381 0.03576 0.00042 0.00000 0.00000 0.00000 0.00000 0.00000 0.00000 0.00000 0.00000 ( 1)  0.054 +-  0.019
 136 C   0.99682 0.00315 0.00003 0.00000 0.00000 0.00000 0.00000 0.00000 0.00000 0.00000 0.00000 ( 1)  0.050 +-  0.006
 137 I   0.99980 0.00020 0.00000 0.00000 0.00000 0.00000 0.00000 0.00000 0.00000 0.00000 0.00000 ( 1)  0.050 +-  0.001
 138 S   0.99714 0.00284 0.00003 0.00000 0.00000 0.00000 0.00000 0.00000 0.00000 0.00000 0.00000 ( 1)  0.050 +-  0.005
 139 V   0.99932 0.00068 0.00000 0.00000 0.00000 0.00000 0.00000 0.00000 0.00000 0.00000 0.00000 ( 1)  0.050 +-  0.003
 140 I   0.99974 0.00026 0.00000 0.00000 0.00000 0.00000 0.00000 0.00000 0.00000 0.00000 0.00000 ( 1)  0.050 +-  0.002
 141 K   0.99981 0.00019 0.00000 0.00000 0.00000 0.00000 0.00000 0.00000 0.00000 0.00000 0.00000 ( 1)  0.050 +-  0.001
 142 H   0.99982 0.00018 0.00000 0.00000 0.00000 0.00000 0.00000 0.00000 0.00000 0.00000 0.00000 ( 1)  0.050 +-  0.001
 143 S   0.99658 0.00338 0.00004 0.00000 0.00000 0.00000 0.00000 0.00000 0.00000 0.00000 0.00000 ( 1)  0.050 +-  0.006
 144 P   0.99467 0.00527 0.00005 0.00000 0.00000 0.00000 0.00000 0.00000 0.00000 0.00000 0.00000 ( 1)  0.051 +-  0.007
 145 Q   0.03422 0.72785 0.22008 0.01708 0.00074 0.00002 0.00000 0.00000 0.00000 0.00000 0.00000 ( 2)  0.172 +-  0.053
 146 S   0.21783 0.71565 0.06474 0.00176 0.00003 0.00000 0.00000 0.00000 0.00000 0.00000 0.00000 ( 2)  0.135 +-  0.052
 147 S   0.12866 0.66550 0.18559 0.01896 0.00123 0.00006 0.00000 0.00000 0.00000 0.00000 0.00000 ( 2)  0.160 +-  0.063
 148 L   0.36000 0.54924 0.08456 0.00589 0.00029 0.00001 0.00000 0.00000 0.00000 0.00000 0.00000 ( 2)  0.124 +-  0.063
 149 S   0.34876 0.55829 0.08677 0.00588 0.00028 0.00001 0.00000 0.00000 0.00000 0.00000 0.00000 ( 2)  0.125 +-  0.063
 150 P   0.05361 0.66578 0.24942 0.02907 0.00201 0.00011 0.00000 0.00000 0.00000 0.00000 0.00000 ( 2)  0.176 +-  0.061
 151 E   0.00000 0.11314 0.61027 0.24152 0.03230 0.00260 0.00016 0.00001 0.00000 0.00000 0.00000 ( 3)  0.270 +-  0.069
 152 I   0.97506 0.02470 0.00023 0.00000 0.00000 0.00000 0.00000 0.00000 0.00000 0.00000 0.00000 ( 1)  0.053 +-  0.016
 153 K   0.99994 0.00006 0.00000 0.00000 0.00000 0.00000 0.00000 0.00000 0.00000 0.00000 0.00000 ( 1)  0.050 +-  0.001
 154 Q   0.99401 0.00595 0.00004 0.00000 0.00000 0.00000 0.00000 0.00000 0.00000 0.00000 0.00000 ( 1)  0.051 +-  0.008
 155 E   0.99994 0.00006 0.00000 0.00000 0.00000 0.00000 0.00000 0.00000 0.00000 0.00000 0.00000 ( 1)  0.050 +-  0.001
 156 P   0.94760 0.05082 0.00155 0.00004 0.00000 0.00000 0.00000 0.00000 0.00000 0.00000 0.00000 ( 1)  0.055 +-  0.023
 157 V   0.00000 0.04154 0.53729 0.35273 0.06237 0.00568 0.00036 0.00002 0.00000 0.00000 0.00000 ( 3)  0.295 +-  0.070
 158 E   0.99935 0.00065 0.00000 0.00000 0.00000 0.00000 0.00000 0.00000 0.00000 0.00000 0.00000 ( 1)  0.050 +-  0.003
 159 L   0.00025 0.22066 0.52313 0.21100 0.03945 0.00496 0.00050 0.00004 0.00000 0.00000 0.00000 ( 3)  0.259 +-  0.080
 160 R   0.61790 0.35905 0.02237 0.00067 0.00002 0.00000 0.00000 0.00000 0.00000 0.00000 0.00000 ( 1)  0.091 +-  0.054
 161 E   0.85128 0.14679 0.00192 0.00001 0.00000 0.00000 0.00000 0.00000 0.00000 0.00000 0.00000 ( 1)  0.065 +-  0.036
 162 T   0.00000 0.01015 0.25286 0.44020 0.22591 0.05920 0.01023 0.00131 0.00013 0.00001 0.00000 ( 4)  0.361 +-  0.093
 163 S   0.01251 0.62164 0.32160 0.04111 0.00296 0.00016 0.00001 0.00000 0.00000 0.00000 0.00000 ( 2)  0.190 +-  0.061
 164 I   0.00005 0.10959 0.51643 0.29998 0.06500 0.00817 0.00074 0.00005 0.00000 0.00000 0.00000 ( 3)  0.285 +-  0.080
 165 Y   0.81588 0.17692 0.00705 0.00015 0.00000 0.00000 0.00000 0.00000 0.00000 0.00000 0.00000 ( 1)  0.069 +-  0.041
 166 Q   0.00061 0.29620 0.51868 0.15935 0.02279 0.00219 0.00017 0.00001 0.00000 0.00000 0.00000 ( 3)  0.241 +-  0.075
 167 S   0.21992 0.74526 0.03429 0.00052 0.00001 0.00000 0.00000 0.00000 0.00000 0.00000 0.00000 ( 2)  0.132 +-  0.047
 168 Y   0.25279 0.64713 0.09452 0.00535 0.00020 0.00001 0.00000 0.00000 0.00000 0.00000 0.00000 ( 2)  0.135 +-  0.059
 169 M   0.00000 0.11871 0.66684 0.19671 0.01690 0.00081 0.00003 0.00000 0.00000 0.00000 0.00000 ( 3)  0.261 +-  0.061
 170 G   0.01116 0.61470 0.33053 0.04084 0.00264 0.00012 0.00000 0.00000 0.00000 0.00000 0.00000 ( 2)  0.191 +-  0.060
 171 S   0.00000 0.00399 0.23604 0.49196 0.21995 0.04258 0.00503 0.00043 0.00003 0.00000 0.00000 ( 4)  0.358 +-  0.083
 172 S   0.00000 0.01902 0.29226 0.42393 0.20302 0.05175 0.00880 0.00111 0.00010 0.00001 0.00000 ( 4)  0.351 +-  0.094
 173 F   0.99120 0.00872 0.00008 0.00000 0.00000 0.00000 0.00000 0.00000 0.00000 0.00000 0.00000 ( 1)  0.051 +-  0.009
 174 S   0.00000 0.00000 0.00223 0.05608 0.23040 0.33199 0.24091 0.10538 0.02919 0.00381 0.00000 ( 6)  0.571 +-  0.119
 175 T   0.00000 0.00153 0.11835 0.40953 0.32776 0.11492 0.02403 0.00349 0.00036 0.00002 0.00000 ( 4)  0.402 +-  0.096
 176 Y   0.79955 0.19183 0.00841 0.00020 0.00000 0.00000 0.00000 0.00000 0.00000 0.00000 0.00000 ( 1)  0.071 +-  0.043
 177 S   0.08037 0.62056 0.25656 0.03857 0.00365 0.00027 0.00002 0.00000 0.00000 0.00000 0.00000 ( 2)  0.177 +-  0.068
 178 P   0.69635 0.28263 0.02023 0.00076 0.00002 0.00000 0.00000 0.00000 0.00000 0.00000 0.00000 ( 1)  0.083 +-  0.051
 179 L   0.00749 0.43727 0.42998 0.10909 0.01468 0.00138 0.00010 0.00001 0.00000 0.00000 0.00000 ( 2)  0.219 +-  0.074
 180 L   0.76716 0.21280 0.01892 0.00106 0.00005 0.00000 0.00000 0.00000 0.00000 0.00000 0.00000 ( 1)  0.075 +-  0.048
 181 Q   0.86127 0.13469 0.00397 0.00007 0.00000 0.00000 0.00000 0.00000 0.00000 0.00000 0.00000 ( 1)  0.064 +-  0.036
 182 V   0.00001 0.09637 0.55304 0.28983 0.05409 0.00609 0.00053 0.00004 0.00000 0.00000 0.00000 ( 3)  0.282 +-  0.075
 183 H   0.00102 0.48704 0.44434 0.06325 0.00415 0.00019 0.00001 0.00000 0.00000 0.00000 0.00000 ( 2)  0.208 +-  0.063
 184 G   0.85263 0.14273 0.00456 0.00008 0.00000 0.00000 0.00000 0.00000 0.00000 0.00000 0.00000 ( 1)  0.065 +-  0.037
 185 S   0.97214 0.02709 0.00075 0.00002 0.00000 0.00000 0.00000 0.00000 0.00000 0.00000 0.00000 ( 1)  0.053 +-  0.017
 186 T   0.92742 0.06958 0.00291 0.00009 0.00000 0.00000 0.00000 0.00000 0.00000 0.00000 0.00000 ( 1)  0.058 +-  0.028
 187 S   0.99907 0.00093 0.00000 0.00000 0.00000 0.00000 0.00000 0.00000 0.00000 0.00000 0.00000 ( 1)  0.050 +-  0.003
 188 N   0.99877 0.00122 0.00000 0.00000 0.00000 0.00000 0.00000 0.00000 0.00000 0.00000 0.00000 ( 1)  0.050 +-  0.004
 189 S   0.99760 0.00238 0.00002 0.00000 0.00000 0.00000 0.00000 0.00000 0.00000 0.00000 0.00000 ( 1)  0.050 +-  0.005
 190 P   0.99822 0.00177 0.00001 0.00000 0.00000 0.00000 0.00000 0.00000 0.00000 0.00000 0.00000 ( 1)  0.050 +-  0.004
 191 R   0.99814 0.00185 0.00001 0.00000 0.00000 0.00000 0.00000 0.00000 0.00000 0.00000 0.00000 ( 1)  0.050 +-  0.004
 192 T   0.98380 0.01604 0.00016 0.00000 0.00000 0.00000 0.00000 0.00000 0.00000 0.00000 0.00000 ( 1)  0.052 +-  0.013
 193 S   0.99573 0.00421 0.00006 0.00000 0.00000 0.00000 0.00000 0.00000 0.00000 0.00000 0.00000 ( 1)  0.050 +-  0.007
 194 D   0.99654 0.00345 0.00001 0.00000 0.00000 0.00000 0.00000 0.00000 0.00000 0.00000 0.00000 ( 1)  0.050 +-  0.006
 195 E   0.25937 0.71419 0.02614 0.00031 0.00000 0.00000 0.00000 0.00000 0.00000 0.00000 0.00000 ( 2)  0.127 +-  0.048
 196 G   0.11328 0.73343 0.14409 0.00887 0.00033 0.00001 0.00000 0.00000 0.00000 0.00000 0.00000 ( 2)  0.155 +-  0.054
 197 V   0.00263 0.46433 0.44292 0.08222 0.00741 0.00046 0.00002 0.00000 0.00000 0.00000 0.00000 ( 2)  0.213 +-  0.067
 198 V   0.98422 0.01562 0.00016 0.00000 0.00000 0.00000 0.00000 0.00000 0.00000 0.00000 0.00000 ( 1)  0.052 +-  0.013
 199 G   0.97393 0.02568 0.00039 0.00000 0.00000 0.00000 0.00000 0.00000 0.00000 0.00000 0.00000 ( 1)  0.053 +-  0.016
 200 K   0.99994 0.00006 0.00000 0.00000 0.00000 0.00000 0.00000 0.00000 0.00000 0.00000 0.00000 ( 1)  0.050 +-  0.001
 201 S   0.00079 0.20534 0.48240 0.24199 0.05874 0.00944 0.00116 0.00012 0.00001 0.00000 0.00000 ( 3)  0.269 +-  0.087
 202 S   0.97276 0.02649 0.00073 0.00002 0.00000 0.00000 0.00000 0.00000 0.00000 0.00000 0.00000 ( 1)  0.053 +-  0.017
 203 D   0.99988 0.00012 0.00000 0.00000 0.00000 0.00000 0.00000 0.00000 0.00000 0.00000 0.00000 ( 1)  0.050 +-  0.001
 204 G   0.92470 0.07339 0.00187 0.00003 0.00000 0.00000 0.00000 0.00000 0.00000 0.00000 0.00000 ( 1)  0.058 +-  0.027
 205 E   0.99993 0.00007 0.00000 0.00000 0.00000 0.00000 0.00000 0.00000 0.00000 0.00000 0.00000 ( 1)  0.050 +-  0.001
 206 D   0.99996 0.00004 0.00000 0.00000 0.00000 0.00000 0.00000 0.00000 0.00000 0.00000 0.00000 ( 1)  0.050 +-  0.001
 207 E   0.99994 0.00006 0.00000 0.00000 0.00000 0.00000 0.00000 0.00000 0.00000 0.00000 0.00000 ( 1)  0.050 +-  0.001
 208 Q   0.99948 0.00052 0.00000 0.00000 0.00000 0.00000 0.00000 0.00000 0.00000 0.00000 0.00000 ( 1)  0.050 +-  0.002
 209 Q   0.99756 0.00243 0.00001 0.00000 0.00000 0.00000 0.00000 0.00000 0.00000 0.00000 0.00000 ( 1)  0.050 +-  0.005
 210 V   0.99941 0.00059 0.00000 0.00000 0.00000 0.00000 0.00000 0.00000 0.00000 0.00000 0.00000 ( 1)  0.050 +-  0.002
 211 P   0.99820 0.00179 0.00001 0.00000 0.00000 0.00000 0.00000 0.00000 0.00000 0.00000 0.00000 ( 1)  0.050 +-  0.004
 212 K   0.99979 0.00021 0.00000 0.00000 0.00000 0.00000 0.00000 0.00000 0.00000 0.00000 0.00000 ( 1)  0.050 +-  0.001
 213 G   0.99916 0.00083 0.00000 0.00000 0.00000 0.00000 0.00000 0.00000 0.00000 0.00000 0.00000 ( 1)  0.050 +-  0.003
 214 P   0.94379 0.05435 0.00181 0.00005 0.00000 0.00000 0.00000 0.00000 0.00000 0.00000 0.00000 ( 1)  0.056 +-  0.024
 215 I   0.00517 0.67347 0.29636 0.02399 0.00098 0.00003 0.00000 0.00000 0.00000 0.00000 0.00000 ( 2)  0.184 +-  0.054
 216 H   0.67507 0.30931 0.01525 0.00037 0.00001 0.00000 0.00000 0.00000 0.00000 0.00000 0.00000 ( 1)  0.084 +-  0.051
 217 S   0.04429 0.64074 0.27578 0.03627 0.00276 0.00016 0.00001 0.00000 0.00000 0.00000 0.00000 ( 2)  0.181 +-  0.063
 218 L   0.00055 0.23624 0.51655 0.20531 0.03676 0.00420 0.00036 0.00002 0.00000 0.00000 0.00000 ( 3)  0.256 +-  0.079
 219 Q   0.00173 0.55624 0.38942 0.04910 0.00332 0.00018 0.00001 0.00000 0.00000 0.00000 0.00000 ( 2)  0.200 +-  0.061
 220 R   0.00011 0.20810 0.58102 0.18706 0.02209 0.00153 0.00008 0.00000 0.00000 0.00000 0.00000 ( 3)  0.253 +-  0.071
 221 V   0.00000 0.04602 0.44581 0.37893 0.10902 0.01787 0.00213 0.00020 0.00002 0.00000 0.00000 ( 3)  0.311 +-  0.083
 222 H   0.03964 0.77943 0.17079 0.00980 0.00033 0.00001 0.00000 0.00000 0.00000 0.00000 0.00000 ( 2)  0.165 +-  0.048
 223 A   0.00016 0.22935 0.55632 0.18631 0.02554 0.00218 0.00014 0.00001 0.00000 0.00000 0.00000 ( 3)  0.251 +-  0.074
 224 T   0.26368 0.64160 0.08963 0.00490 0.00018 0.00001 0.00000 0.00000 0.00000 0.00000 0.00000 ( 2)  0.134 +-  0.059
 225 V   0.12049 0.73391 0.13707 0.00821 0.00030 0.00001 0.00000 0.00000 0.00000 0.00000 0.00000 ( 2)  0.153 +-  0.054
 226 K   0.99977 0.00023 0.00000 0.00000 0.00000 0.00000 0.00000 0.00000 0.00000 0.00000 0.00000 ( 1)  0.050 +-  0.002
 227 V   0.99845 0.00155 0.00000 0.00000 0.00000 0.00000 0.00000 0.00000 0.00000 0.00000 0.00000 ( 1)  0.050 +-  0.004
 228 P   0.99475 0.00520 0.00005 0.00000 0.00000 0.00000 0.00000 0.00000 0.00000 0.00000 0.00000 ( 1)  0.051 +-  0.007
 229 E   0.99833 0.00167 0.00000 0.00000 0.00000 0.00000 0.00000 0.00000 0.00000 0.00000 0.00000 ( 1)  0.050 +-  0.004
 230 V   0.00056 0.31246 0.52395 0.14375 0.01773 0.00145 0.00010 0.00001 0.00000 0.00000 0.00000 ( 3)  0.237 +-  0.073
 231 N   0.00338 0.68644 0.28850 0.02087 0.00078 0.00002 0.00000 0.00000 0.00000 0.00000 0.00000 ( 2)  0.183 +-  0.052
 232 P   0.84315 0.14838 0.00818 0.00028 0.00001 0.00000 0.00000 0.00000 0.00000 0.00000 0.00000 ( 1)  0.067 +-  0.040
 233 A   0.99939 0.00061 0.00000 0.00000 0.00000 0.00000 0.00000 0.00000 0.00000 0.00000 0.00000 ( 1)  0.050 +-  0.002
 234 L   0.99623 0.00372 0.00005 0.00000 0.00000 0.00000 0.00000 0.00000 0.00000 0.00000 0.00000 ( 1)  0.050 +-  0.006
 235 P   0.99830 0.00169 0.00001 0.00000 0.00000 0.00000 0.00000 0.00000 0.00000 0.00000 0.00000 ( 1)  0.050 +-  0.004
 236 H   0.99982 0.00018 0.00000 0.00000 0.00000 0.00000 0.00000 0.00000 0.00000 0.00000 0.00000 ( 1)  0.050 +-  0.001
 237 K   0.99994 0.00006 0.00000 0.00000 0.00000 0.00000 0.00000 0.00000 0.00000 0.00000 0.00000 ( 1)  0.050 +-  0.001
 238 L   0.99787 0.00211 0.00001 0.00000 0.00000 0.00000 0.00000 0.00000 0.00000 0.00000 0.00000 ( 1)  0.050 +-  0.005
 239 R   0.99640 0.00355 0.00004 0.00000 0.00000 0.00000 0.00000 0.00000 0.00000 0.00000 0.00000 ( 1)  0.050 +-  0.006
 240 I   0.99201 0.00795 0.00004 0.00000 0.00000 0.00000 0.00000 0.00000 0.00000 0.00000 0.00000 ( 1)  0.051 +-  0.009
 241 K   0.99993 0.00007 0.00000 0.00000 0.00000 0.00000 0.00000 0.00000 0.00000 0.00000 0.00000 ( 1)  0.050 +-  0.001
 242 A   0.93756 0.06102 0.00140 0.00002 0.00000 0.00000 0.00000 0.00000 0.00000 0.00000 0.00000 ( 1)  0.056 +-  0.025
 243 K   0.98325 0.01664 0.00011 0.00000 0.00000 0.00000 0.00000 0.00000 0.00000 0.00000 0.00000 ( 1)  0.052 +-  0.013
 244 A   0.97985 0.01990 0.00025 0.00000 0.00000 0.00000 0.00000 0.00000 0.00000 0.00000 0.00000 ( 1)  0.052 +-  0.014
 245 M   0.99344 0.00654 0.00002 0.00000 0.00000 0.00000 0.00000 0.00000 0.00000 0.00000 0.00000 ( 1)  0.051 +-  0.008
 246 Q   0.61762 0.36070 0.02110 0.00057 0.00001 0.00000 0.00000 0.00000 0.00000 0.00000 0.00000 ( 1)  0.090 +-  0.054
 247 V   0.83124 0.16489 0.00382 0.00005 0.00000 0.00000 0.00000 0.00000 0.00000 0.00000 0.00000 ( 1)  0.067 +-  0.039
 248 K   0.99992 0.00008 0.00000 0.00000 0.00000 0.00000 0.00000 0.00000 0.00000 0.00000 0.00000 ( 1)  0.050 +-  0.001
 249 V   0.85868 0.13721 0.00404 0.00007 0.00000 0.00000 0.00000 0.00000 0.00000 0.00000 0.00000 ( 1)  0.065 +-  0.036
 250 E   0.99993 0.00007 0.00000 0.00000 0.00000 0.00000 0.00000 0.00000 0.00000 0.00000 0.00000 ( 1)  0.050 +-  0.001
 251 A   0.00002 0.09761 0.50081 0.31191 0.07657 0.01161 0.00133 0.00013 0.00001 0.00000 0.00000 ( 3)  0.291 +-  0.082
 252 L   0.00000 0.01491 0.28967 0.43871 0.20083 0.04745 0.00747 0.00088 0.00008 0.00000 0.00000 ( 4)  0.350 +-  0.091
 253 D   0.90956 0.08976 0.00069 0.00000 0.00000 0.00000 0.00000 0.00000 0.00000 0.00000 0.00000 ( 1)  0.059 +-  0.029
 254 S   0.00011 0.24038 0.56424 0.17207 0.02143 0.00167 0.00010 0.00000 0.00000 0.00000 0.00000 ( 3)  0.248 +-  0.072
 255 E   0.16975 0.77823 0.05088 0.00113 0.00002 0.00000 0.00000 0.00000 0.00000 0.00000 0.00000 ( 2)  0.138 +-  0.046
 256 F   0.29768 0.62468 0.07415 0.00339 0.00010 0.00000 0.00000 0.00000 0.00000 0.00000 0.00000 ( 2)  0.128 +-  0.058
 257 E   0.00004 0.28858 0.58667 0.11534 0.00890 0.00045 0.00002 0.00000 0.00000 0.00000 0.00000 ( 3)  0.235 +-  0.065
 258 G   0.00000 0.00215 0.12154 0.38857 0.32431 0.12687 0.03066 0.00522 0.00064 0.00004 0.00000 ( 4)  0.407 +-  0.101
 259 M   0.00000 0.00012 0.02953 0.24611 0.39150 0.23750 0.07706 0.01587 0.00217 0.00015 0.00000 ( 5)  0.464 +-  0.104
 260 A   0.00001 0.06847 0.47921 0.34567 0.09082 0.01406 0.00161 0.00015 0.00001 0.00000 0.00000 ( 3)  0.301 +-  0.082
 261 H   0.93169 0.06736 0.00094 0.00001 0.00000 0.00000 0.00000 0.00000 0.00000 0.00000 0.00000 ( 1)  0.057 +-  0.026
 262 S   0.00000 0.00104 0.08178 0.34337 0.35577 0.16406 0.04463 0.00823 0.00106 0.00007 0.00000 ( 5)  0.427 +-  0.103
 263 L   0.05161 0.64744 0.26247 0.03531 0.00297 0.00020 0.00001 0.00000 0.00000 0.00000 0.00000 ( 2)  0.179 +-  0.063
 264 P   0.03046 0.67782 0.26228 0.02769 0.00167 0.00008 0.00000 0.00000 0.00000 0.00000 0.00000 ( 2)  0.179 +-  0.058
 265 P   0.99841 0.00158 0.00001 0.00000 0.00000 0.00000 0.00000 0.00000 0.00000 0.00000 0.00000 ( 1)  0.050 +-  0.004
 266 F   0.93956 0.05831 0.00207 0.00005 0.00000 0.00000 0.00000 0.00000 0.00000 0.00000 0.00000 ( 1)  0.056 +-  0.025
 267 S   0.99665 0.00331 0.00004 0.00000 0.00000 0.00000 0.00000 0.00000 0.00000 0.00000 0.00000 ( 1)  0.050 +-  0.006
 268 V   0.31871 0.60995 0.06819 0.00305 0.00010 0.00000 0.00000 0.00000 0.00000 0.00000 0.00000 ( 2)  0.126 +-  0.058
 269 Q   0.99941 0.00059 0.00000 0.00000 0.00000 0.00000 0.00000 0.00000 0.00000 0.00000 0.00000 ( 1)  0.050 +-  0.002
 270 V   0.99570 0.00428 0.00002 0.00000 0.00000 0.00000 0.00000 0.00000 0.00000 0.00000 0.00000 ( 1)  0.050 +-  0.007
 271 T   0.84564 0.14915 0.00511 0.00010 0.00000 0.00000 0.00000 0.00000 0.00000 0.00000 0.00000 ( 1)  0.066 +-  0.038
 272 N   0.70816 0.28668 0.00511 0.00004 0.00000 0.00000 0.00000 0.00000 0.00000 0.00000 0.00000 ( 1)  0.080 +-  0.047
 273 I   0.98324 0.01665 0.00011 0.00000 0.00000 0.00000 0.00000 0.00000 0.00000 0.00000 0.00000 ( 1)  0.052 +-  0.013
 274 Q   0.68362 0.30197 0.01409 0.00031 0.00001 0.00000 0.00000 0.00000 0.00000 0.00000 0.00000 ( 1)  0.083 +-  0.050
 275 D   0.99474 0.00525 0.00001 0.00000 0.00000 0.00000 0.00000 0.00000 0.00000 0.00000 0.00000 ( 1)  0.051 +-  0.007
 276 W   0.99178 0.00802 0.00020 0.00001 0.00000 0.00000 0.00000 0.00000 0.00000 0.00000 0.00000 ( 1)  0.051 +-  0.009
 277 S   0.00308 0.39232 0.46586 0.12147 0.01578 0.00140 0.00010 0.00001 0.00000 0.00000 0.00000 ( 3)  0.226 +-  0.074
 278 H   0.00015 0.29041 0.56099 0.13446 0.01313 0.00082 0.00004 0.00000 0.00000 0.00000 0.00000 ( 3)  0.237 +-  0.069
 279 K   0.00288 0.56973 0.37731 0.04690 0.00302 0.00015 0.00001 0.00000 0.00000 0.00000 0.00000 ( 2)  0.198 +-  0.061
 280 T   0.00000 0.02305 0.33198 0.42662 0.17497 0.03748 0.00530 0.00055 0.00004 0.00000 0.00000 ( 4)  0.339 +-  0.089

Positively selected sites

	Prob(w>1)  mean w


